;
; Resource configuration file for picp
;

[10F200]
	0 0 0 0 0 0 0 0
	0 0 0 0 0 0 0 0 
	PICSTART JUPIC

[10F200:def]
	00 ff 0f ff 0f ff 00 0f
	00 0f 00 1c 00 1c 00 00
	00 00 0f ff 0f ff 00 00
	00 ff 01 00 04 0f ff 01
	00 00 00 00 00 ff 00 01
	01 01 1d 17

[10F200:defx]
	00 1c 00 00 00 00 00 00
	00 00 00 00 00 00 00 00
	00 1c 00 00 00 00 00 00
	00 00 00 00 00 00 00 00

[10F202]
	0 0 0 0 0 0 0 0
	0 0 0 0 0 0 0 0 
	PICSTART JUPIC

[10F202:def]
	01 ff 0f ff 0f ff 00 0f
	00 0f 00 1c 00 1c 00 00
	00 00 0f ff 0f ff 00 00
	01 ff 02 00 04 0f ff 01
	00 00 00 00 01 ff 00 01
	01 01 1d 17

[10F202:defx]
	00 1c 00 00 00 00 00 00
	00 00 00 00 00 00 00 00
	00 1c 00 00 00 00 00 00
	00 00 00 00 00 00 00 00

[10F204]
	0 0 0 0 100 100 0 0
	0 0 0 0 0 0 0 0 
	PICSTART JUPIC

[10F204:def]
	00 ff 0f ff 0f ff 00 0f
	00 0f 00 1f 00 1f 00 00
	00 00 0f ff 0f ff 00 00
	00 01 02 00 04 01 ff 01
	00 00 00 00 00 ff 00 01
	0b 08 0a 16

[10F204:defx]
	00 1f 00 00 00 00 00 00
	00 00 00 00 00 00 00 00
	00 1f 00 00 00 00 00 00
	00 00 00 00 00 00 00 00

[10F206]
	0 0 0 0 200 200 0 0
	0 0 0 0 0 0 0 0 
	PICSTART JUPIC

[10F206:def]
	01 ff 0f ff 0f ff 00 0f
	00 0f 00 1f 00 1f 00 00
	00 00 0f ff 0f ff 00 00
	00 01 02 00 04 03 ff 01
	00 00 00 00 01 ff 00 01
	0b 08 0a 16

[10F206:defx]
	00 1f 00 00 00 00 00 00
	00 00 00 00 00 00 00 00
	00 1f 00 00 00 00 00 00
	00 00 00 00 00 00 00 00

[12C508]
	0 0 0 0 0 0 0 0
	0 0 0 0 0 0 0 0 
	PICSTART WARP JUPIC

[12C508:def]
	01 ff 0f ff 0f ff 00 0f
	00 0f 00 1f 00 1f 00 00
	00 00 0f ff 0f ff 00 00
	00 01 02 00 04 0f ff 01
	00 00 00 00 01 ff 00 01
	0b 08 0a 16

[12C508:defx]
	00 1f 00 00 00 00 00 00
	00 00 00 00 00 00 00 00
	00 1f 00 00 00 00 00 00
	00 00 00 00 00 00 00 00

[12C508A]
	0 0 0 0 0 0 0 0
	0 0 0 0 0 0 0 0 
	PICSTART WARP JUPIC

[12C508A:def]
	01 ff 0f ff 0f ff 00 0f
	00 0f 00 1f 00 1f 00 00
	00 00 0f ff 0f ff 00 00
	00 01 02 00 04 0f ff 01
	00 00 00 00 01 ff 00 01
	0b 08 0a 16

[12C508A:defx]
	00 1f 00 00 00 00 00 00
	00 00 00 00 00 00 00 00
	00 1f 00 00 00 00 00 00
	00 00 00 00 00 00 00 00

[12C509]
	0 0 0 0 0 0 0 0
	0 0 0 0 0 0 0 0 
	PICSTART WARP JUPIC

[12C509:def]
	03 ff 0f ff 0f ff 00 0f
	00 0f 00 1f 00 1f 00 00
	00 00 0f ff 0f ff 00 00
	00 01 04 00 04 0f ff 01
	00 00 00 00 03 ff 00 01
	0b 08 0a 16

[12C509:defx]
	00 1f 00 00 00 00 00 00
	00 00 00 00 00 00 00 00
	00 1f 00 00 00 00 00 00
	00 00 00 00 00 00 00 00

[12C509A]
	0 0 0 0 0 0 0 0
	0 0 0 0 0 0 0 0 
	PICSTART WARP JUPIC

[12C509A:def]
	03 ff 0f ff 0f ff 00 0f
	00 0f 00 1f 00 1f 00 00
	00 00 0f ff 0f ff 00 00
	00 01 04 00 04 0f ff 01
	00 00 00 00 03 ff 00 01
	0b 08 0a 16

[12C509A:defx]
	00 1f 00 00 00 00 00 00
	00 00 00 00 00 00 00 00
	00 1f 00 00 00 00 00 00
	00 00 00 00 00 00 00 00

[12CE518]
	0 0 0 0 0 0 0 0
	0 0 0 0 0 0 0 0 
	PICSTART WARP JUPIC

[12CE518:def]
	01 ff 0f ff 0f ff 00 0f
	00 0f 00 1f 00 1f 00 00
	00 00 0f ff 0f ff 00 00
	00 01 02 00 04 0f ff 01
	00 00 00 00 01 ff 00 01
	0b 08 0a 16

[12CE518:defx]
	00 1f 00 00 00 00 00 00
	00 00 00 00 00 00 00 00
	00 1f 00 00 00 00 00 00
	00 00 00 00 00 00 00 00

[12CE519]
	0 0 0 0 0 0 0 0
	0 0 0 0 0 0 0 0 
	PICSTART WARP JUPIC

[12CE519:def]
	03 ff 0f ff 0f ff 00 0f
	00 0f 00 1f 00 1f 00 00
	00 00 0f ff 0f ff 00 00
	00 01 04 00 04 0f ff 01
	00 00 00 00 03 ff 00 01
	0b 08 0a 16

[12CE519:defx]
	00 1f 00 00 00 00 00 00
	00 00 00 00 00 00 00 00
	00 1f 00 00 00 00 00 00
	00 00 00 00 00 00 00 00

[12F508]
	0 0 0 0 0 0 0 1
	0 0 0 0 0 0 0 0 
	PICSTART JUPIC

[12F508:def]
	01 ff 0f ff 0f ff 00 0f
	00 0f 00 1f 00 1f 00 00
	00 00 0f ff 0f ff 00 00
	01 ff 02 00 04 0f ff 01
	00 00 00 00 01 ff 00 01
	01 01 1c 17

[12F508:defx]
	00 1f 00 00 00 00 00 00
	00 00 00 00 00 00 00 00
	00 1f 00 00 00 00 00 00
	00 00 00 00 00 00 00 00

[12F509]
	0 0 0 0 0 0 0 1
	0 0 0 0 0 0 0 0 
	PICSTART JUPIC

[12F509:def]
	03 ff 0f ff 0f ff 00 0f
	00 0f 00 1f 00 1f 00 00
	00 00 0f ff 0f ff 00 00
	01 ff 02 00 04 0f ff 01
	00 00 00 00 01 ff 00 01
	01 01 1c 17

[12F509:defx]
	00 1f 00 00 00 00 00 00
	00 00 00 00 00 00 00 00
	00 1f 00 00 00 00 00 00
	00 00 00 00 00 00 00 00

[12F629]
	0 0 0 0 0 0 2100 1
	3000 0 0 0 0 0 0 0 
	PICSTART WARP JUPIC

[12F629:def]
	03 ff 3f ff 3f ff 00 7f
	00 7f 01 ff 01 ff 00 ff
	00 ff 3f ff 3f ff 00 00
	00 01 20 00 04 20 07 01
	00 00 00 80 03 ff 00 01
	00 01 0f 1f

[12F629:defx]
	01 ff 00 00 00 00 00 00
	00 00 00 00 00 00 00 00
	01 ff 00 00 00 00 00 00
	00 00 00 00 00 00 00 00

[12C671]
	0 0 0 0 0 0 0 0
	0 0 0 0 0 0 0 0 
	PICSTART WARP JUPIC

[12C671:def]
	03 ff 3f ff 3f ff 00 7f
	00 7f 3f ff 3f ff 00 00
	00 00 3f ff 3f ff 00 00
	00 01 20 00 04 20 07 01
	00 00 00 00 03 ff 00 01
	03 19 09 16

[12C671:defx]
	3f ff 00 00 00 00 00 00
	00 00 00 00 00 00 00 00
	3f ff 00 00 00 00 00 00
	00 00 00 00 00 00 00 00

[12C672]
	0 0 0 0 0 0 0 0
	0 0 0 0 0 0 0 0 
	PICSTART WARP JUPIC

[12C672:def]
	07 ff 3f ff 3f ff 00 7f
	00 7f 3f ff 3f ff 00 00
	00 00 3f ff 3f ff 00 00
	00 01 20 00 04 20 07 01
	00 00 00 00 07 ff 00 01
	03 19 09 16

[12C672:defx]
	3f ff 00 00 00 00 00 00
	00 00 00 00 00 00 00 00
	3f ff 00 00 00 00 00 00
	00 00 00 00 00 00 00 00

[12CE673]
	0 0 0 0 0 0 0 0
	0 0 0 0 0 0 0 0 
	PICSTART WARP JUPIC

[12CE673:def]
	03 ff 3f ff 3f ff 00 7f
	00 7f 3f ff 3f ff 00 00
	00 00 3f ff 3f ff 00 00
	00 01 20 00 04 20 07 01
	00 00 00 00 03 ff 00 01
	03 19 09 16

[12CE673:defx]
	3f ff 00 00 00 00 00 00
	00 00 00 00 00 00 00 00
	3f ff 00 00 00 00 00 00
	00 00 00 00 00 00 00 00

[12CE674]
	0 0 0 0 0 0 0 0
	0 0 0 0 0 0 0 0 
	PICSTART WARP JUPIC

[12CE674:def]
	07 ff 3f ff 3f ff 00 7f
	00 7f 3f ff 3f ff 00 00
	00 00 3f ff 3f ff 00 00
	00 01 20 00 04 20 07 01
	00 00 00 00 07 ff 00 01
	03 19 09 16

[12CE674:defx]
	3f ff 00 00 00 00 00 00
	00 00 00 00 00 00 00 00
	3f ff 00 00 00 00 00 00
	00 00 00 00 00 00 00 00

[12F675]
	0 0 0 0 0 0 2100 1
	3000 0 0 0 0 0 0 0 
	PICSTART WARP JUPIC

[12F675:def]
	03 ff 3f ff 3f ff 00 7f
	00 7f 3f ff 31 ff 00 ff
	00 ff 3f ff 3f ff 00 00
	00 01 20 00 04 20 07 01
	00 00 00 80 03 ff 00 01
	00 01 0f 1f

[12F675:defx]
	31 ff 00 00 00 00 00 00
	00 00 00 00 00 00 00 00
	01 ff 00 00 00 00 00 00
	00 00 00 00 00 00 00 00

[12F683]
	0 0 0 2000 2000 2000 2100 1
	3000 0 0 0 0 0 0 0 
	PICSTART JUPIC

[12F683:def]
	08 00 3f ff 3f ff 00 7f
	00 7f 0f ff 00 ff 00 ff
	00 00 00 00 00 00 00 00
	08 00 20 00 04 20 07 01
	00 00 01 00 00 00 00 00
	01 01 0f 0f

[12F683:defx]
	0f ff 00 00 00 00 00 00
	00 00 00 00 00 00 00 00
	0f ff 00 00 00 00 00 00
	00 00 00 00 00 00 00 00

[14000]
	0 0 0 0 0 0 0 0
	0 0 0 0 0 0 0 0 
	PICSTART WARP JUPIC

[14000:def]
	0f c0 3f ff 3f ff 00 7f
	00 7f 3f ff 3f bd 00 00
	00 00 3f ff 3f ff 00 00
	00 01 20 00 04 20 07 01
	00 00 00 00 0f c0 00 40
	03 19 01 16

[14000:defx]
	3f bd 00 00 00 00 00 00
	00 00 00 00 00 00 00 00
	3f bd 00 00 00 00 00 00
	00 00 00 00 00 00 00 00

[16C505]
	0 0 0 0 0 0 0 0
	0 0 0 0 0 0 0 0 
	PICSTART WARP JUPIC

[16C505:def]
	03 ff 0f ff 0f ff 00 0f
	00 0f 0f ff 0f ff 00 00
	00 00 0f ff 0f ff 00 00
	00 01 04 00 04 0f ff 01
	00 00 00 00 03 ff 00 01
	0b 08 0a 16

[16C505:defx]
	0f ff 00 00 00 00 00 00
	00 00 00 00 00 00 00 00
	0f ff 00 00 00 00 00 00
	00 00 00 00 00 00 00 00

[16C52]
	0 0 0 0 0 0 0 0
	0 0 0 0 0 0 0 0 
	PICSTART WARP

[16C52:def]
	01 80 0f ff 0f ff 00 0f
	00 0f 00 0f 00 0b 00 00
	00 00 00 00 00 00 00 00
	00 01 02 00 00 0f ff 01
	00 00 00 00 00 00 00 00
	0b 08 05 04

[16C52:defx]
	00 0b 00 00 00 00 00 00
	00 00 00 00 00 00 00 00
	00 0b 00 00 00 00 00 00
	00 00 00 00 00 00 00 00

[16C54]
	0 0 0 0 0 0 0 0
	0 0 0 0 0 0 0 0 
	PICSTART WARP

[16C54:def]
	02 00 0f ff 0f ff 00 0f
	00 0f 00 0f 00 0f 00 00
	00 00 00 00 00 00 00 00
	00 01 02 00 04 0f ff 01
	00 00 00 00 00 00 00 00
	0b 08 05 06

[16C54:defx]
	00 0f 00 00 00 00 00 00
	00 00 00 00 00 00 00 00
	00 0f 00 00 00 00 00 00
	00 00 00 00 00 00 00 00

[16C54A]
	0 0 0 0 0 0 0 0
	0 0 0 0 0 0 0 0 
	PICSTART WARP

[16C54A:def]
	02 00 0f ff 0f ff 00 0f
	00 0f 00 0f 00 0f 00 00
	00 00 00 00 00 00 00 00
	00 01 02 00 04 0f ff 01
	00 00 00 00 00 00 00 00
	0b 08 05 06

[16C54A:defx]
	00 0f 00 00 00 00 00 00
	00 00 00 00 00 00 00 00
	00 0f 00 00 00 00 00 00
	00 00 00 00 00 00 00 00

[16C54B]
	0 0 0 0 0 0 0 0
	0 0 0 0 0 0 0 0 
	PICSTART WARP

[16C54B:def]
	02 00 0f ff 0f ff 00 0f
	00 0f 0f ff 0f ff 00 00
	00 00 00 00 00 00 00 00
	00 01 02 00 04 0f ff 01
	00 00 00 00 00 00 00 00
	0b 08 05 06

[16C54B:defx]
	0f ff 00 00 00 00 00 00
	00 00 00 00 00 00 00 00
	0f ff 00 00 00 00 00 00
	00 00 00 00 00 00 00 00

[16C54C]
	0 0 0 0 0 0 0 0
	0 0 0 0 0 0 0 0 
	PICSTART WARP

[16C54C:def]
	02 00 0f ff 0f ff 00 0f
	00 0f 0f ff 0f ff 00 00
	00 00 00 00 00 00 00 00
	00 01 02 00 04 0f ff 01
	00 00 00 00 00 00 00 00
	0b 08 05 06

[16C54C:defx]
	0f ff 00 00 00 00 00 00
	00 00 00 00 00 00 00 00
	0f ff 00 00 00 00 00 00
	00 00 00 00 00 00 00 00

[16HV540]
	0 0 0 0 0 0 0 0
	0 0 0 0 0 0 0 0 
	PICSTART

[16HV540:def]
	02 00 0f ff 0f ff 00 0f
	00 0f 00 0f 00 0f 00 00
	00 00 00 00 00 00 00 00
	00 01 02 00 04 0f ff 01
	00 00 00 00 00 00 00 00
	0b 08 05 06

[16HV540:defx]
	00 0f 00 00 00 00 00 00
	00 00 00 00 00 00 00 00
	00 0f 00 00 00 00 00 00
	00 00 00 00 00 00 00 00

[16C55]
	0 0 0 0 0 0 0 0
	0 0 0 0 0 0 0 0 
	PICSTART WARP

[16C55:def]
	02 00 0f ff 0f ff 00 0f
	00 0f 00 0f 00 0f 00 00
	00 00 00 00 00 00 00 00
	00 01 02 00 04 0f ff 01
	00 00 00 00 00 00 00 00
	0b 08 06 06

[16C55:defx]
	00 0f 00 00 00 00 00 00
	00 00 00 00 00 00 00 00
	00 0f 00 00 00 00 00 00
	00 00 00 00 00 00 00 00

[16C55A]
	0 0 0 0 0 0 0 0
	0 0 0 0 0 0 0 0 
	PICSTART WARP

[16C55A:def]
	02 00 0f ff 0f ff 00 0f
	00 0f 0f ff 0f ff 00 00
	00 00 00 00 00 00 00 00
	00 01 02 00 04 0f ff 01
	00 00 00 00 00 00 00 00
	0b 08 06 06

[16C55A:defx]
	0f ff 00 00 00 00 00 00
	00 00 00 00 00 00 00 00
	0f ff 00 00 00 00 00 00
	00 00 00 00 00 00 00 00

[16C554]
	0 0 0 0 0 0 0 0
	0 0 0 0 0 0 0 0 
	PICSTART WARP JUPIC

[16C554:def]
	02 00 3f ff 3f ff 00 7f
	00 7f 3f ff 3f 3f 00 00
	00 00 00 00 00 00 00 00
	00 01 20 00 04 20 07 01
	00 00 00 00 00 00 00 00
	03 19 02 06

[16C554:defx]
	3f 3f 00 00 00 00 00 00
	00 00 00 00 00 00 00 00
	3f 3f 00 00 00 00 00 00
	00 00 00 00 00 00 00 00

[16C558]
	0 0 0 0 0 0 0 0
	0 0 0 0 0 0 0 0 
	PICSTART WARP JUPIC

[16C558:def]
	08 00 3f ff 3f ff 00 7f
	00 7f 3f ff 3f 3f 00 00
	00 00 00 00 00 00 00 00
	00 01 20 00 04 20 07 01
	00 00 00 00 00 00 00 00
	03 19 02 06

[16C558:defx]
	3f 3f 00 00 00 00 00 00
	00 00 00 00 00 00 00 00
	3f 3f 00 00 00 00 00 00
	00 00 00 00 00 00 00 00

[16C56]
	0 0 0 0 0 0 0 0
	0 0 0 0 0 0 0 0 
	PICSTART WARP

[16C56:def]
	04 00 0f ff 0f ff 00 0f
	00 0f 00 0f 00 0f 00 00
	00 00 00 00 00 00 00 00
	00 01 04 00 04 0f ff 01
	00 00 00 00 00 00 00 00
	0b 08 05 06

[16C56:defx]
	00 0f 00 00 00 00 00 00
	00 00 00 00 00 00 00 00
	00 0f 00 00 00 00 00 00
	00 00 00 00 00 00 00 00

[16C56A]
	0 0 0 0 0 0 0 0
	0 0 0 0 0 0 0 0 
	PICSTART WARP

[16C56A:def]
	04 00 0f ff 0f ff 00 0f
	00 0f 0f ff 0f ff 00 00
	00 00 00 00 00 00 00 00
	00 01 04 00 04 0f ff 01
	00 00 00 00 00 00 00 00
	0b 08 05 06

[16C56A:defx]
	0f ff 00 00 00 00 00 00
	00 00 00 00 00 00 00 00
	0f ff 00 00 00 00 00 00
	00 00 00 00 00 00 00 00

[16C57]
	0 0 0 0 0 0 0 0
	0 0 0 0 0 0 0 0 
	PICSTART WARP

[16C57:def]
	08 00 0f ff 0f ff 00 0f
	00 0f 00 0f 00 0f 00 00
	00 00 00 00 00 00 00 00
	00 01 08 00 04 0f ff 01
	00 00 00 00 00 00 00 00
	0b 08 06 06

[16C57:defx]
	00 0f 00 00 00 00 00 00
	00 00 00 00 00 00 00 00
	00 0f 00 00 00 00 00 00
	00 00 00 00 00 00 00 00

[16C57C]
	0 0 0 0 0 0 0 0
	0 0 0 0 0 0 0 0 
	PICSTART WARP

[16C57C:def]
	08 00 0f ff 0f ff 00 0f
	00 0f 0f ff 0f ff 00 00
	00 00 00 00 00 00 00 00
	00 01 08 00 04 0f ff 01
	00 00 00 00 00 00 00 00
	0b 08 06 06

[16C57C:defx]
	0f ff 00 00 00 00 00 00
	00 00 00 00 00 00 00 00
	0f ff 00 00 00 00 00 00
	00 00 00 00 00 00 00 00

[16C58A]
	0 0 0 0 0 0 0 0
	0 0 0 0 0 0 0 0 
	PICSTART WARP

[16C58A:def]
	08 00 0f ff 0f ff 00 0f
	00 0f 00 0f 00 0f 00 00
	00 00 00 00 00 00 00 00
	00 01 08 00 04 0f ff 01
	00 00 00 00 00 00 00 00
	0b 08 05 06

[16C58A:defx]
	00 0f 00 00 00 00 00 00
	00 00 00 00 00 00 00 00
	00 0f 00 00 00 00 00 00
	00 00 00 00 00 00 00 00

[16C58B]
	0 0 0 0 0 0 0 0
	0 0 0 0 0 0 0 0 
	PICSTART WARP

[16C58B:def]
	08 00 0f ff 0f ff 00 0f
	00 0f 0f ff 0f ff 00 00
	00 00 00 00 00 00 00 00
	00 01 08 00 04 0f ff 01
	00 00 00 00 00 00 00 00
	0b 08 05 06

[16C58B:defx]
	0f ff 00 00 00 00 00 00
	00 00 00 00 00 00 00 00
	0f ff 00 00 00 00 00 00
	00 00 00 00 00 00 00 00

[16C61]
	0 0 0 0 0 0 0 0
	0 0 0 0 0 0 0 0 
	PICSTART WARP JUPIC

[16C61:def]
	04 00 3f ff 3f ff 00 7f
	00 7f 00 1f 00 1f 00 00
	00 00 00 00 00 00 00 00
	00 01 20 00 04 20 07 01
	00 00 00 00 00 00 00 00
	03 19 02 06

[16C61:defx]
	00 1f 00 00 00 00 00 00
	00 00 00 00 00 00 00 00
	00 1f 00 00 00 00 00 00
	00 00 00 00 00 00 00 00

[16C62]
	0 0 0 0 0 0 0 0
	0 0 0 0 0 0 0 0 
	PICSTART WARP JUPIC

[16C62:def]
	08 00 3f ff 3f ff 00 7f
	00 7f 00 3f 00 3f 00 00
	00 00 00 00 00 00 00 00
	00 01 20 00 04 20 07 01
	00 00 00 00 00 00 00 00
	03 19 03 06

[16C62:defx]
	00 3f 00 00 00 00 00 00
	00 00 00 00 00 00 00 00
	00 3f 00 00 00 00 00 00
	00 00 00 00 00 00 00 00

[16C62A]
	0 0 0 0 0 0 0 0
	0 0 0 0 0 0 0 0 
	PICSTART WARP JUPIC

[16C62A:def]
	08 00 3f ff 3f ff 00 7f
	00 7f 3f ff 3f 7f 00 00
	00 00 00 00 00 00 00 00
	00 01 20 00 04 20 07 01
	00 00 00 00 00 00 00 00
	03 19 03 06

[16C62A:defx]
	3f 7f 00 00 00 00 00 00
	00 00 00 00 00 00 00 00
	3f 7f 00 00 00 00 00 00
	00 00 00 00 00 00 00 00

[16C62B]
	0 0 0 0 0 0 0 0
	0 0 0 0 0 0 0 0 
	PICSTART WARP JUPIC

[16C62B:def]
	08 00 3f ff 3f ff 00 7f
	00 7f 3f ff 3f 7f 00 00
	00 00 00 00 00 00 00 00
	00 01 20 00 04 20 07 01
	00 00 00 00 00 00 00 00
	03 19 03 06

[16C62B:defx]
	3f 7f 00 00 00 00 00 00
	00 00 00 00 00 00 00 00
	3f 7f 00 00 00 00 00 00
	00 00 00 00 00 00 00 00

[16C620]
	0 0 0 0 0 0 0 0
	0 0 0 0 0 0 0 0 
	PICSTART WARP JUPIC

[16C620:def]
	02 00 3f ff 3f ff 00 7f
	00 7f 3f ff 3f 7f 00 00
	00 00 00 00 00 00 00 00
	00 01 20 00 04 20 07 01
	00 00 00 00 00 00 00 00
	03 19 02 06

[16C620:defx]
	3f 7f 00 00 00 00 00 00
	00 00 00 00 00 00 00 00
	3f 7f 00 00 00 00 00 00
	00 00 00 00 00 00 00 00

[16C620A]
	0 0 0 0 0 0 0 0
	0 0 0 0 0 0 0 0 
	PICSTART WARP JUPIC

[16C620A:def]
	02 00 3f ff 3f ff 00 7f
	00 7f 3f ff 3f 7f 00 00
	00 00 00 00 00 00 00 00
	00 01 20 00 04 20 07 01
	00 00 00 00 00 00 00 00
	03 19 02 06

[16C620A:defx]
	3f 7f 00 00 00 00 00 00
	00 00 00 00 00 00 00 00
	3f 7f 00 00 00 00 00 00
	00 00 00 00 00 00 00 00

[16C621]
	0 0 0 0 0 0 0 0
	0 0 0 0 0 0 0 0 
	PICSTART WARP JUPIC

[16C621:def]
	04 00 3f ff 3f ff 00 7f
	00 7f 3f ff 3f 7f 00 00
	00 00 00 00 00 00 00 00
	00 01 20 00 04 20 07 01
	00 00 00 00 00 00 00 00
	03 19 02 06

[16C621:defx]
	3f 7f 00 00 00 00 00 00
	00 00 00 00 00 00 00 00
	3f 7f 00 00 00 00 00 00
	00 00 00 00 00 00 00 00

[16C621A]
	0 0 0 0 0 0 0 0
	0 0 0 0 0 0 0 0 
	PICSTART WARP JUPIC

[16C621A:def]
	04 00 3f ff 3f ff 00 7f
	00 7f 3f ff 3f 7f 00 00
	00 00 00 00 00 00 00 00
	00 01 20 00 04 20 07 01
	00 00 00 00 00 00 00 00
	03 19 02 06

[16C621A:defx]
	3f 7f 00 00 00 00 00 00
	00 00 00 00 00 00 00 00
	3f 7f 00 00 00 00 00 00
	00 00 00 00 00 00 00 00

[16C622]
	0 0 0 0 0 0 0 0
	0 0 0 0 0 0 0 0 
	PICSTART WARP JUPIC

[16C622:def]
	08 00 3f ff 3f ff 00 7f
	00 7f 3f ff 3f 7f 00 00
	00 00 00 00 00 00 00 00
	00 01 20 00 04 20 07 01
	00 00 00 00 00 00 00 00
	03 19 02 06

[16C622:defx]
	3f 7f 00 00 00 00 00 00
	00 00 00 00 00 00 00 00
	3f 7f 00 00 00 00 00 00
	00 00 00 00 00 00 00 00

[16C622A]
	0 0 0 0 0 0 0 0
	0 0 0 0 0 0 0 0 
	PICSTART WARP JUPIC

[16C622A:def]
	08 00 3f ff 3f ff 00 7f
	00 7f 3f ff 3f 7f 00 00
	00 00 00 00 00 00 00 00
	00 01 20 00 04 20 07 01
	00 00 00 00 00 00 00 00
	03 19 02 06

[16C622A:defx]
	3f 7f 00 00 00 00 00 00
	00 00 00 00 00 00 00 00
	3f 7f 00 00 00 00 00 00
	00 00 00 00 00 00 00 00

[16CE623]
	0 0 0 0 0 0 0 0
	0 0 0 0 0 0 0 0 
	PICSTART WARP JUPIC

[16CE623:def]
	02 00 3f ff 3f ff 00 7f
	00 7f 3f ff 3f 7f 00 00
	00 00 00 00 00 00 00 00
	00 01 20 00 04 20 07 01
	00 00 00 00 00 00 00 00
	03 19 02 06

[16CE623:defx]
	3f 7f 00 00 00 00 00 00
	00 00 00 00 00 00 00 00
	3f 7f 00 00 00 00 00 00
	00 00 00 00 00 00 00 00

[16CE624]
	0 0 0 0 0 0 0 0
	0 0 0 0 0 0 0 0 
	PICSTART WARP JUPIC

[16CE624:def]
	04 00 3f ff 3f ff 00 7f
	00 7f 3f ff 3f 7f 00 00
	00 00 00 00 00 00 00 00
	00 01 20 00 04 20 07 01
	00 00 00 00 00 00 00 00
	03 19 02 06

[16CE624:defx]
	3f 7f 00 00 00 00 00 00
	00 00 00 00 00 00 00 00
	3f 7f 00 00 00 00 00 00
	00 00 00 00 00 00 00 00

[16CE625]
	0 0 0 0 0 0 0 0
	0 0 0 0 0 0 0 0 
	PICSTART WARP JUPIC

[16CE625:def]
	08 00 3f ff 3f ff 00 7f
	00 7f 3f ff 3f 7f 00 00
	00 00 00 00 00 00 00 00
	00 01 20 00 04 20 07 01
	00 00 00 00 00 00 00 00
	03 19 02 06

[16CE625:defx]
	3f 7f 00 00 00 00 00 00
	00 00 00 00 00 00 00 00
	3f 7f 00 00 00 00 00 00
	00 00 00 00 00 00 00 00

[16F627]
	0 0 0 0 0 0 0 0
	0 0 0 0 0 0 0 0 
	PICSTART WARP JUPIC

[16F627:def]
	04 00 3f ff 3f ff 00 7f
	00 7f 3f ff 3d ff 00 ff
	00 ff 00 00 00 00 00 00
	00 01 20 00 04 20 07 01
	00 00 00 80 00 00 00 00
	00 01 0c 0f

[16F627:defx]
	3d ff 00 00 00 00 00 00
	00 00 00 00 00 00 00 00
	3d ff 00 00 00 00 00 00
	00 00 00 00 00 00 00 00

[16F627A]
	0 0 0 0 0 0 0 0
	0 0 0 0 0 0 0 0 
	PICSTART WARP JUPIC

[16F627A:def]
	04 00 3f ff 3f ff 00 7f
	00 7f 3f ff 3d ff 00 ff
	00 ff 00 00 00 00 00 00
	00 01 20 00 04 20 07 01
	00 00 00 80 00 00 00 00
	00 01 0c 0f

[16F627A:defx]
	3d ff 00 00 00 00 00 00
	00 00 00 00 00 00 00 00
	3d ff 00 00 00 00 00 00
	00 00 00 00 00 00 00 00

[16F628]
	0 0 0 0 0 0 0 0
	0 0 0 0 0 0 0 0 
	PICSTART WARP JUPIC

[16F628:def]
	08 00 3f ff 3f ff 00 7f
	00 7f 3f ff 3d ff 00 ff
	00 ff 00 00 00 00 00 00
	00 01 20 00 04 20 07 01
	00 00 00 80 00 00 00 00
	00 01 0c 0f

[16F628:defx]
	3d ff 00 00 00 00 00 00
	00 00 00 00 00 00 00 00
	3d ff 00 00 00 00 00 00
	00 00 00 00 00 00 00 00

[16F628A]
	0 0 0 0 0 0 0 0
	0 0 0 0 0 0 0 0 
	PICSTART WARP JUPIC

[16F628A:def]
	08 00 3f ff 3f ff 00 7f
	00 7f 21 ff 21 ff 00 ff
	00 ff 00 00 00 00 00 00
	08 00 20 00 04 20 07 01
	00 00 00 80 00 00 00 00
	00 01 13 0f

[16F628A:defx]
	21 ff 00 00 00 00 00 00
	00 00 00 00 00 00 00 00
	21 ff 00 00 00 00 00 00
	00 00 00 00 00 00 00 00

[16C63]
	0 0 0 0 0 0 0 0
	0 0 0 0 0 0 0 0 
	PICSTART WARP JUPIC

[16C63:def]
	10 00 3f ff 3f ff 00 7f
	00 7f 3f ff 3f 7f 00 00
	00 00 00 00 00 00 00 00
	00 01 20 00 04 20 07 01
	00 00 00 00 00 00 00 00
	03 19 03 06

[16C63:defx]
	3f 7f 00 00 00 00 00 00
	00 00 00 00 00 00 00 00
	3f 7f 00 00 00 00 00 00
	00 00 00 00 00 00 00 00

[16C63A]
	0 0 0 0 0 0 0 0
	0 0 0 0 0 0 0 0 
	PICSTART WARP JUPIC

[16C63A:def]
	10 00 3f ff 3f ff 00 7f
	00 7f 3f ff 3f 7f 00 00
	00 00 00 00 00 00 00 00
	00 01 20 00 04 20 07 01
	00 00 00 00 00 00 00 00
	03 19 03 06

[16C63A:defx]
	3f 7f 00 00 00 00 00 00
	00 00 00 00 00 00 00 00
	3f 7f 00 00 00 00 00 00
	00 00 00 00 00 00 00 00

[16C63B]
	0 0 0 0 0 0 0 0
	0 0 0 0 0 0 0 0 
	PICSTART WARP

[16C63B:def]
	10 00 3f ff 3f ff 00 7f
	00 7f 3f ff 3f 7f 00 00
	00 00 00 00 00 00 00 00
	00 01 20 00 04 20 07 01
	00 00 00 00 00 00 00 00
	03 19 03 06

[16C63B:defx]
	3f 7f 00 00 00 00 00 00
	00 00 00 00 00 00 00 00
	3f 7f 00 00 00 00 00 00
	00 00 00 00 00 00 00 00

[16F630]
	0 0 0 0 0 0 2100 1
	3000 0 0 0 0 0 0 0 
	PICSTART WARP JUPIC

[16F630:def]
	03 ff 3f ff 3f ff 00 7f
	00 7f 01 ff 01 ff 00 ff
	00 ff 3f ff 3f ff 00 00
	00 01 20 00 04 20 07 01
	00 00 00 80 03 ff 00 01
	00 01 0f 1f

[16F630:defx]
	01 ff 00 00 00 00 00 00
	00 00 00 00 00 00 00 00
	01 ff 00 00 00 00 00 00
	00 00 00 00 00 00 00 00

[16C64]
	0 0 0 0 0 0 0 0
	0 0 0 0 0 0 0 0 
	PICSTART WARP JUPIC

[16C64:def]
	08 00 3f ff 3f ff 00 7f
	00 7f 00 3f 00 3f 00 00
	00 00 00 00 00 00 00 00
	00 01 20 00 04 20 07 01
	00 00 00 00 00 00 00 00
	03 19 04 06

[16C64:defx]
	00 3f 00 00 00 00 00 00
	00 00 00 00 00 00 00 00
	00 3f 00 00 00 00 00 00
	00 00 00 00 00 00 00 00

[16C64A]
	0 0 0 0 0 0 0 0
	0 0 0 0 0 0 0 0 
	PICSTART WARP JUPIC

[16C64A:def]
	08 00 3f ff 3f ff 00 7f
	00 7f 3f ff 3f 7f 00 00
	00 00 00 00 00 00 00 00
	00 01 20 00 04 20 07 01
	00 00 00 00 00 00 00 00
	03 19 04 06

[16C64A:defx]
	3f 7f 00 00 00 00 00 00
	00 00 00 00 00 00 00 00
	3f 7f 00 00 00 00 00 00
	00 00 00 00 00 00 00 00

[16C642]
	0 0 0 0 0 0 0 0
	0 0 0 0 0 0 0 0 
	PICSTART WARP JUPIC

[16C642:def]
	10 00 3f ff 3f ff 00 7f
	00 7f 3f ff 3f ff 00 00
	00 00 00 00 00 00 00 00
	00 01 20 00 04 20 07 01
	00 00 00 00 00 00 00 00
	03 19 03 26

[16C642:defx]
	3f ff 00 00 00 00 00 00
	00 00 00 00 00 00 00 00
	3f ff 00 00 00 00 00 00
	00 00 00 00 00 00 00 00

[16F648]
	0 0 0 0 0 0 0 0
	0 0 0 0 0 0 0 0 
	PICSTART WARP

[16F648:def]
	10 00 3f ff 3f ff 00 7f
	00 7f 21 ff 21 ff 00 ff
	00 ff 00 00 00 00 00 00
	10 00 20 00 04 20 07 01
	00 00 01 00 00 00 00 00
	01 01 13 0f

[16F648:defx]
	21 ff 00 00 00 00 00 00
	00 00 00 00 00 00 00 00
	21 ff 00 00 00 00 00 00
	00 00 00 00 00 00 00 00

[16F648A]
	0 0 0 0 0 0 0 0
	0 0 0 0 0 0 0 0 
	PICSTART WARP JUPIC

[16F648A:def]
	10 00 3f ff 3f ff 00 7f
	00 7f 21 ff 21 ff 00 ff
	00 ff 00 00 00 00 00 00
	10 00 20 00 04 20 07 01
	00 00 01 00 00 00 00 00
	01 01 13 0f

[16F648A:defx]
	21 ff 00 00 00 00 00 00
	00 00 00 00 00 00 00 00
	21 ff 00 00 00 00 00 00
	00 00 00 00 00 00 00 00

[16C65]
	0 0 0 0 0 0 0 0
	0 0 0 0 0 0 0 0 
	PICSTART WARP JUPIC

[16C65:def]
	10 00 3f ff 3f ff 00 7f
	00 7f 00 3f 00 3f 00 00
	00 00 00 00 00 00 00 00
	00 01 20 00 04 20 07 01
	00 00 00 00 00 00 00 00
	03 19 04 06

[16C65:defx]
	00 3f 00 00 00 00 00 00
	00 00 00 00 00 00 00 00
	00 3f 00 00 00 00 00 00
	00 00 00 00 00 00 00 00

[16C65A]
	0 0 0 0 0 0 0 0
	0 0 0 0 0 0 0 0 
	PICSTART WARP JUPIC

[16C65A:def]
	10 00 3f ff 3f ff 00 7f
	00 7f 3f ff 3f 7f 00 00
	00 00 00 00 00 00 00 00
	00 01 20 00 04 20 07 01
	00 00 00 00 00 00 00 00
	03 19 04 06

[16C65A:defx]
	3f 7f 00 00 00 00 00 00
	00 00 00 00 00 00 00 00
	3f 7f 00 00 00 00 00 00
	00 00 00 00 00 00 00 00

[16C65B]
	0 0 0 0 0 0 0 0
	0 0 0 0 0 0 0 0 
	PICSTART WARP JUPIC

[16C65B:def]
	10 00 3f ff 3f ff 00 7f
	00 7f 3f ff 3f 7f 00 00
	00 00 00 00 00 00 00 00
	00 01 20 00 04 20 07 01
	00 00 00 00 00 00 00 00
	03 19 04 06

[16C65B:defx]
	3f 7f 00 00 00 00 00 00
	00 00 00 00 00 00 00 00
	3f 7f 00 00 00 00 00 00
	00 00 00 00 00 00 00 00

[16C66]
	0 0 0 0 0 0 0 0
	0 0 0 0 0 0 0 0 
	PICSTART WARP JUPIC

[16C66:def]
	20 00 3f ff 3f ff 00 7f
	00 7f 3f ff 3f 7f 00 00
	00 00 00 00 00 00 00 00
	00 01 20 00 04 20 07 01
	00 00 00 00 00 00 00 00
	03 19 03 06

[16C66:defx]
	3f 7f 00 00 00 00 00 00
	00 00 00 00 00 00 00 00
	3f 7f 00 00 00 00 00 00
	00 00 00 00 00 00 00 00

[16C66A]
	0 0 0 0 0 0 0 0
	0 0 0 0 0 0 0 0 
	PICSTART WARP

[16C66A:def]
	20 00 3f ff 3f ff 00 7f
	00 7f 3f ff 3f 7f 00 00
	00 00 00 00 00 00 00 00
	00 01 20 00 04 20 07 01
	00 00 00 00 00 00 00 00
	03 19 03 06

[16C66A:defx]
	3f 7f 00 00 00 00 00 00
	00 00 00 00 00 00 00 00
	3f 7f 00 00 00 00 00 00
	00 00 00 00 00 00 00 00

[16C662]
	0 0 0 0 0 0 0 0
	0 0 0 0 0 0 0 0 
	PICSTART WARP JUPIC

[16C662:def]
	10 00 3f ff 3f ff 00 7f
	00 7f 3f ff 3f ff 00 00
	00 00 00 00 00 00 00 00
	00 01 20 00 04 20 07 01
	00 00 00 00 00 00 00 00
	03 19 04 26

[16C662:defx]
	3f ff 00 00 00 00 00 00
	00 00 00 00 00 00 00 00
	3f ff 00 00 00 00 00 00
	00 00 00 00 00 00 00 00

[16C67]
	0 0 0 0 0 0 0 0
	0 0 0 0 0 0 0 0 
	PICSTART WARP JUPIC

[16C67:def]
	20 00 3f ff 3f ff 00 7f
	00 7f 3f ff 3f 7f 00 00
	00 00 00 00 00 00 00 00
	00 01 20 00 04 20 07 01
	00 00 00 00 00 00 00 00
	03 19 04 06

[16C67:defx]
	3f 7f 00 00 00 00 00 00
	00 00 00 00 00 00 00 00
	3f 7f 00 00 00 00 00 00
	00 00 00 00 00 00 00 00

[16C67A]
	0 0 0 0 0 0 0 0
	0 0 0 0 0 0 0 0 
	PICSTART WARP

[16C67A:def]
	20 00 3f ff 3f ff 00 7f
	00 7f 3f ff 3f 7f 00 00
	00 00 00 00 00 00 00 00
	00 01 20 00 04 20 07 01
	00 00 00 00 00 00 00 00
	03 19 04 06

[16C67A:defx]
	3f 7f 00 00 00 00 00 00
	00 00 00 00 00 00 00 00
	3f 7f 00 00 00 00 00 00
	00 00 00 00 00 00 00 00

[16F676]
	0 0 0 0 0 0 2100 1
	3000 0 0 0 0 0 0 0 
	PICSTART WARP JUPIC

[16F676:def]
	03 ff 3f ff 3f ff 00 7f
	00 7f 01 ff 01 ff 00 ff
	00 ff 3f ff 3f ff 00 00
	00 01 20 00 04 20 07 01
	00 00 00 80 03 ff 00 01
	00 01 0f 1f

[16F676:defx]
	01 ff 00 00 00 00 00 00
	00 00 00 00 00 00 00 00
	01 ff 00 00 00 00 00 00
	00 00 00 00 00 00 00 00

[16C71]
	0 0 0 0 0 0 0 0
	0 0 0 0 0 0 0 0 
	PICSTART WARP JUPIC

[16C71:def]
	04 00 3f ff 3f ff 00 7f
	00 7f 00 1f 00 1f 00 00
	00 00 00 00 00 00 00 00
	00 01 20 00 04 20 07 01
	00 00 00 00 00 00 00 00
	03 19 02 06

[16C71:defx]
	00 1f 00 00 00 00 00 00
	00 00 00 00 00 00 00 00
	00 1f 00 00 00 00 00 00
	00 00 00 00 00 00 00 00

[16C710]
	0 0 0 0 0 0 0 0
	0 0 0 0 0 0 0 0 
	PICSTART WARP JUPIC

[16C710:def]
	02 00 3f ff 3f ff 00 7f
	00 7f 3f ff 3f ff 00 00
	00 00 00 00 00 00 00 00
	00 01 20 00 04 20 07 01
	00 00 00 00 00 00 00 00
	03 19 02 06

[16C710:defx]
	3f ff 00 00 00 00 00 00
	00 00 00 00 00 00 00 00
	3f ff 00 00 00 00 00 00
	00 00 00 00 00 00 00 00

[16C711]
	0 0 0 0 0 0 0 0
	0 0 0 0 0 0 0 0 
	PICSTART WARP JUPIC

[16C711:def]
	04 00 3f ff 3f ff 00 7f
	00 7f 3f ff 3f ff 00 00
	00 00 00 00 00 00 00 00
	00 01 20 00 04 20 07 01
	00 00 00 00 00 00 00 00
	03 19 02 06

[16C711:defx]
	3f ff 00 00 00 00 00 00
	00 00 00 00 00 00 00 00
	3f ff 00 00 00 00 00 00
	00 00 00 00 00 00 00 00

[16C712]
	0 0 0 0 0 0 0 0
	0 0 0 0 0 0 0 0 
	PICSTART WARP JUPIC

[16C712:def]
	04 00 3f ff 3f ff 00 7f
	00 7f 3f ff 3f 7f 00 00
	00 00 00 00 00 00 00 00
	00 01 20 00 04 20 07 01
	00 00 00 00 00 00 00 00
	03 19 02 06

[16C712:defx]
	3f 7f 00 00 00 00 00 00
	00 00 00 00 00 00 00 00
	3f 7f 00 00 00 00 00 00
	00 00 00 00 00 00 00 00

[16C715]
	0 0 0 0 0 0 0 0
	0 0 0 0 0 0 0 0 
	PICSTART WARP JUPIC

[16C715:def]
	08 00 3f ff 3f ff 00 7f
	00 7f 3f ff 3f ff 00 00
	00 00 00 00 00 00 00 00
	00 01 20 00 04 20 07 01
	00 00 00 00 00 00 00 00
	03 19 02 26

[16C715:defx]
	3f ff 00 00 00 00 00 00
	00 00 00 00 00 00 00 00
	3f ff 00 00 00 00 00 00
	00 00 00 00 00 00 00 00

[16C716]
	0 0 0 0 0 0 0 0
	0 0 0 0 0 0 0 0 
	PICSTART WARP JUPIC

[16C716:def]
	08 00 3f ff 3f ff 00 7f
	00 7f 3f ff 3f 7f 00 00
	00 00 00 00 00 00 00 00
	00 01 20 00 04 20 07 01
	00 00 00 00 00 00 00 00
	03 19 02 06

[16C716:defx]
	3f 7f 00 00 00 00 00 00
	00 00 00 00 00 00 00 00
	3f 7f 00 00 00 00 00 00
	00 00 00 00 00 00 00 00

[16C717]
	0 0 0 0 0 0 0 0
	0 0 0 0 0 0 0 0 
	PICSTART WARP JUPIC

[16C717:def]
	08 00 3f ff 3f ff 00 7f
	00 7f 3f ff 3f 7f 00 00
	00 00 00 00 00 00 00 00
	00 01 20 00 04 20 07 01
	00 00 00 00 00 00 00 00
	03 19 0c 06

[16C717:defx]
	3f 7f 00 00 00 00 00 00
	00 00 00 00 00 00 00 00
	3f 7f 00 00 00 00 00 00
	00 00 00 00 00 00 00 00

[16C72]
	0 0 0 0 0 0 0 0
	0 0 0 0 0 0 0 0 
	PICSTART WARP JUPIC

[16C72:def]
	08 00 3f ff 3f ff 00 7f
	00 7f 3f ff 3f 7f 00 00
	00 00 00 00 00 00 00 00
	00 01 20 00 04 20 07 01
	00 00 00 00 00 00 00 00
	03 19 03 06

[16C72:defx]
	3f 7f 00 00 00 00 00 00
	00 00 00 00 00 00 00 00
	3f 7f 00 00 00 00 00 00
	00 00 00 00 00 00 00 00

[16C72A]
	0 0 0 0 0 0 0 0
	0 0 0 0 0 0 0 0 
	PICSTART WARP JUPIC

[16C72A:def]
	08 00 3f ff 3f ff 00 7f
	00 7f 3f ff 3f 7f 00 00
	00 00 00 00 00 00 00 00
	00 01 20 00 04 20 07 01
	00 00 00 00 00 00 00 00
	03 19 03 06

[16C72A:defx]
	3f 7f 00 00 00 00 00 00
	00 00 00 00 00 00 00 00
	3f 7f 00 00 00 00 00 00
	00 00 00 00 00 00 00 00

[16F72]
	0 0 0 0 0 0 0 0
	0 0 0 0 0 0 0 0 
	PICSTART WARP JUPIC

[16F72:def]
	08 00 3f ff 3f ff 00 7f
	00 7f 00 7f 00 5f 00 00
	00 00 00 00 00 00 00 00
	00 01 20 00 04 20 07 01
	00 00 00 00 00 00 00 00
	00 01 0d 07

[16F72:defx]
	00 5f 00 00 00 00 00 00
	00 00 00 00 00 00 00 00
	00 5f 00 00 00 00 00 00
	00 00 00 00 00 00 00 00

[16C73]
	0 0 0 0 0 0 0 0
	0 0 0 0 0 0 0 0 
	PICSTART WARP JUPIC

[16C73:def]
	10 00 3f ff 3f ff 00 7f
	00 7f 00 3f 00 3f 00 00
	00 00 00 00 00 00 00 00
	00 01 20 00 04 20 07 01
	00 00 00 00 00 00 00 00
	03 19 03 06

[16C73:defx]
	00 3f 00 00 00 00 00 00
	00 00 00 00 00 00 00 00
	00 3f 00 00 00 00 00 00
	00 00 00 00 00 00 00 00

[16C73A]
	0 0 0 0 0 0 0 0
	0 0 0 0 0 0 0 0 
	PICSTART WARP JUPIC

[16C73A:def]
	10 00 3f ff 3f ff 00 7f
	00 7f 3f ff 3f 7f 00 00
	00 00 00 00 00 00 00 00
	00 01 20 00 04 20 07 01
	00 00 00 00 00 00 00 00
	03 19 03 06

[16C73A:defx]
	3f 7f 00 00 00 00 00 00
	00 00 00 00 00 00 00 00
	3f 7f 00 00 00 00 00 00
	00 00 00 00 00 00 00 00

[16C73B]
	0 0 0 0 0 0 0 0
	0 0 0 0 0 0 0 0 
	PICSTART WARP JUPIC

[16C73B:def]
	10 00 3f ff 3f ff 00 7f
	00 7f 3f ff 3f 7f 00 00
	00 00 00 00 00 00 00 00
	00 01 20 00 04 20 07 01
	00 00 00 00 00 00 00 00
	03 19 03 06

[16C73B:defx]
	3f 7f 00 00 00 00 00 00
	00 00 00 00 00 00 00 00
	3f 7f 00 00 00 00 00 00
	00 00 00 00 00 00 00 00

[16F73]
	0 0 0 0 0 0 0 0
	0 0 0 0 0 0 0 0 
	PICSTART WARP JUPIC

[16F73:def]
	10 00 3f ff 3f ff 00 7f
	00 7f 00 7f 00 5f 00 00
	00 00 00 00 00 00 00 00
	00 01 20 00 04 20 07 01
	00 00 00 00 00 00 00 00
	00 01 0d 07

[16F73:defx]
	00 5f 00 00 00 00 00 00
	00 00 00 00 00 00 00 00
	00 5f 00 00 00 00 00 00
	00 00 00 00 00 00 00 00

[16C74]
	0 0 0 0 0 0 0 0
	0 0 0 0 0 0 0 0 
	PICSTART WARP JUPIC

[16C74:def]
	10 00 3f ff 3f ff 00 7f
	00 7f 00 7f 00 3f 00 00
	00 00 00 00 00 00 00 00
	00 01 20 00 04 20 07 01
	00 00 00 00 00 00 00 00
	03 19 04 06

[16C74:defx]
	00 3f 00 00 00 00 00 00
	00 00 00 00 00 00 00 00
	00 3f 00 00 00 00 00 00
	00 00 00 00 00 00 00 00

[16C74A]
	0 0 0 0 0 0 0 0
	0 0 0 0 0 0 0 0 
	PICSTART WARP JUPIC

[16C74A:def]
	10 00 3f ff 3f ff 00 7f
	00 7f 3f ff 3f 7f 00 00
	00 00 00 00 00 00 00 00
	00 01 20 00 04 20 07 01
	00 00 00 00 00 00 00 00
	03 19 04 06

[16C74A:defx]
	3f 7f 00 00 00 00 00 00
	00 00 00 00 00 00 00 00
	3f 7f 00 00 00 00 00 00
	00 00 00 00 00 00 00 00

[16C74B]
	0 0 0 0 0 0 0 0
	0 0 0 0 0 0 0 0 
	PICSTART WARP JUPIC

[16C74B:def]
	10 00 3f ff 3f ff 00 7f
	00 7f 3f ff 3f 7f 00 00
	00 00 00 00 00 00 00 00
	00 01 20 00 04 20 07 01
	00 00 00 00 00 00 00 00
	03 19 04 06

[16C74B:defx]
	3f 7f 00 00 00 00 00 00
	00 00 00 00 00 00 00 00
	3f 7f 00 00 00 00 00 00
	00 00 00 00 00 00 00 00

[16C74C]
	0 0 0 0 0 0 0 0
	0 0 0 0 0 0 0 0 
	PICSTART WARP JUPIC

[16C74C:def]
	10 00 3f ff 3f ff 00 7f
	00 7f 3f ff 3f 7f 00 00
	00 00 00 00 00 00 00 00
	00 01 20 00 04 20 07 01
	00 00 00 00 00 00 00 00
	03 19 04 06

[16C74C:defx]
	3f 7f 00 00 00 00 00 00
	00 00 00 00 00 00 00 00
	3f 7f 00 00 00 00 00 00
	00 00 00 00 00 00 00 00

[16F74]
	0 0 0 0 0 0 0 0
	0 0 0 0 0 0 0 0 
	PICSTART WARP JUPIC

[16F74:def]
	10 00 3f ff 3f ff 00 7f
	00 7f 00 7f 00 5f 00 00
	00 00 00 00 00 00 00 00
	00 01 20 00 04 20 07 01
	00 00 00 00 00 00 00 00
	00 01 0d 07

[16F74:defx]
	00 5f 00 00 00 00 00 00
	00 00 00 00 00 00 00 00
	00 5f 00 00 00 00 00 00
	00 00 00 00 00 00 00 00

[16C745]
	0 0 0 0 0 0 0 0
	0 0 0 0 0 0 0 0 
	PICSTART WARP JUPIC

[16C745:def]
	20 00 3f ff 3f ff 00 7f
	00 7f 3f ff 3f 3f 00 00
	00 00 00 00 00 00 00 00
	00 01 20 00 04 20 07 01
	00 00 00 00 00 00 00 00
	03 19 03 06

[16C745:defx]
	3f 3f 00 00 00 00 00 00
	00 00 00 00 00 00 00 00
	3f 3f 00 00 00 00 00 00
	00 00 00 00 00 00 00 00

[16C76]
	0 0 0 0 0 0 0 0
	0 0 0 0 0 0 0 0 
	PICSTART WARP JUPIC

[16C76:def]
	20 00 3f ff 3f ff 00 7f
	00 7f 3f ff 3f 7f 00 00
	00 00 00 00 00 00 00 00
	00 01 20 00 04 20 07 01
	00 00 00 00 00 00 00 00
	03 19 03 06

[16C76:defx]
	3f 7f 00 00 00 00 00 00
	00 00 00 00 00 00 00 00
	3f 7f 00 00 00 00 00 00
	00 00 00 00 00 00 00 00

[16F76]
	0 0 0 0 0 0 0 0
	0 0 0 0 0 0 0 0 
	PICSTART WARP JUPIC

[16F76:def]
	20 00 3f ff 3f ff 00 7f
	00 7f 00 7f 00 5f 00 00
	00 00 00 00 00 00 00 00
	00 01 20 00 04 20 07 01
	00 00 00 00 00 00 00 00
	00 01 0d 07

[16F76:defx]
	00 5f 00 00 00 00 00 00
	00 00 00 00 00 00 00 00
	00 5f 00 00 00 00 00 00
	00 00 00 00 00 00 00 00

[16C765]
	0 0 0 0 0 0 0 0
	0 0 0 0 0 0 0 0 
	PICSTART WARP JUPIC

[16C765:def]
	20 00 3f ff 3f ff 00 7f
	00 7f 3f ff 3f 3f 00 00
	00 00 00 00 00 00 00 00
	00 01 20 00 04 20 07 01
	00 00 00 00 00 00 00 00
	03 19 04 06

[16C765:defx]
	3f 3f 00 00 00 00 00 00
	00 00 00 00 00 00 00 00
	3f 3f 00 00 00 00 00 00
	00 00 00 00 00 00 00 00

[16C77]
	0 0 0 0 0 0 0 0
	0 0 0 0 0 0 0 0 
	PICSTART WARP JUPIC

[16C77:def]
	20 00 3f ff 3f ff 00 7f
	00 7f 3f ff 3f 7f 00 00
	00 00 00 00 00 00 00 00
	00 01 20 00 04 20 07 01
	00 00 00 00 00 00 00 00
	03 19 04 06

[16C77:defx]
	3f 7f 00 00 00 00 00 00
	00 00 00 00 00 00 00 00
	3f 7f 00 00 00 00 00 00
	00 00 00 00 00 00 00 00

[16F77]
	0 0 0 0 0 0 0 0
	0 0 0 0 0 0 0 0 
	PICSTART WARP JUPIC

[16F77:def]
	20 00 3f ff 3f ff 00 7f
	00 7f 00 7f 00 5f 00 00
	00 00 00 00 00 00 00 00
	00 01 20 00 04 20 07 01
	00 00 00 00 00 00 00 00
	00 01 0d 07

[16F77:defx]
	00 5f 00 00 00 00 00 00
	00 00 00 00 00 00 00 00
	00 5f 00 00 00 00 00 00
	00 00 00 00 00 00 00 00

[16C770]
	0 0 0 0 0 0 0 0
	0 0 0 0 0 0 0 0 
	PICSTART WARP JUPIC

[16C770:def]
	08 00 3f ff 3f ff 00 7f
	00 7f 3f ff 3f 7f 00 00
	00 00 00 00 00 00 00 00
	00 01 20 00 04 20 07 01
	00 00 00 00 00 00 00 00
	03 19 08 06

[16C770:defx]
	3f 7f 00 00 00 00 00 00
	00 00 00 00 00 00 00 00
	3f 7f 00 00 00 00 00 00
	00 00 00 00 00 00 00 00

[16C771]
	0 0 0 0 0 0 0 0
	0 0 0 0 0 0 0 0 
	PICSTART WARP JUPIC

[16C771:def]
	10 00 3f ff 3f ff 00 7f
	00 7f 3f ff 3f 7f 00 00
	00 00 00 00 00 00 00 00
	00 01 20 00 04 20 07 01
	00 00 00 00 00 00 00 00
	03 19 08 06

[16C771:defx]
	3f 7f 00 00 00 00 00 00
	00 00 00 00 00 00 00 00
	3f 7f 00 00 00 00 00 00
	00 00 00 00 00 00 00 00

[16C773]
	0 0 0 0 0 0 0 0
	0 0 0 0 0 0 0 0 
	PICSTART WARP JUPIC

[16C773:def]
	10 00 3f ff 3f ff 00 7f
	00 7f 3f ff 3f 7f 00 00
	00 00 00 00 00 00 00 00
	00 01 20 00 04 20 07 01
	00 00 00 00 00 00 00 00
	03 19 04 06

[16C773:defx]
	3f 7f 00 00 00 00 00 00
	00 00 00 00 00 00 00 00
	3f 7f 00 00 00 00 00 00
	00 00 00 00 00 00 00 00

[16C774]
	0 0 0 0 0 0 0 0
	0 0 0 0 0 0 0 0 
	PICSTART WARP JUPIC

[16C774:def]
	10 00 3f ff 3f ff 00 7f
	00 7f 3f ff 3f 7f 00 00
	00 00 00 00 00 00 00 00
	00 01 20 00 04 20 07 01
	00 00 00 00 00 00 00 00
	03 19 04 06

[16C774:defx]
	3f 7f 00 00 00 00 00 00
	00 00 00 00 00 00 00 00
	3f 7f 00 00 00 00 00 00
	00 00 00 00 00 00 00 00

[16C781]
	0 0 0 0 0 0 0 0
	0 0 0 0 0 0 0 0 
	PICSTART WARP JUPIC

[16C781:def]
	04 00 3f ff 3f ff 00 7f
	00 7f 3f ff 3f 7f 00 00
	00 00 00 00 00 00 00 00
	00 01 20 00 04 20 07 01
	00 00 00 00 00 00 00 00
	03 19 08 06

[16C781:defx]
	3f 7f 00 00 00 00 00 00
	00 00 00 00 00 00 00 00
	3f 7f 00 00 00 00 00 00
	00 00 00 00 00 00 00 00

[16C782]
	0 0 0 0 0 0 0 0
	0 0 0 0 0 0 0 0 
	PICSTART WARP JUPIC

[16C782:def]
	08 00 3f ff 3f ff 00 7f
	00 7f 3f ff 3f 7f 00 00
	00 00 00 00 00 00 00 00
	00 01 20 00 04 20 07 01
	00 00 00 00 00 00 00 00
	03 19 08 06

[16C782:defx]
	3f 7f 00 00 00 00 00 00
	00 00 00 00 00 00 00 00
	3f 7f 00 00 00 00 00 00
	00 00 00 00 00 00 00 00

[16F818]
	0 0 4 400e 4000 4000 0 0
	0 0 0 0 0 0 0 0 
	PICSTART WARP JUPIC

[16F818:def]
	04 00 3f ff 3f ff 00 7f
	00 7f 3f ff 3f ff 00 ff
	00 ff 00 00 00 00 00 00
	00 01 20 00 04 20 07 01
	00 00 00 80 00 00 00 00
	00 01 10 0f

[16F818:defx]
	3f ff 00 00 00 00 00 00
	00 00 00 00 00 00 00 00
	3f ff 00 00 00 00 00 00
	00 00 00 00 00 00 00 00

[16F819]
	0 0 4 400e 4000 4000 0 0
	0 0 0 0 0 0 0 0 
	PICSTART WARP JUPIC

[16F819:def]
	08 00 3f ff 3f ff 00 7f
	00 7f 3f ff 3f ff 00 ff
	00 ff 00 00 00 00 00 00
	00 01 20 00 04 20 07 01
	00 00 01 00 00 00 00 00
	00 01 10 0f

[16F819:defx]
	3f ff 00 00 00 00 00 00
	00 00 00 00 00 00 00 00
	3f ff 00 00 00 00 00 00
	00 00 00 00 00 00 00 00

[16F83]
	0 0 0 0 0 0 0 0
	0 0 0 0 0 0 0 0 
	PICSTART WARP JUPIC

[16F83:def]
	02 00 3f ff 3f ff 00 7f
	00 7f 3f ff 3f ff 00 ff
	00 ff 00 00 00 00 00 00
	00 01 20 00 04 20 07 01
	00 00 00 40 00 00 00 00
	03 01 02 0f

[16F83:defx]
	3f ff 00 00 00 00 00 00
	00 00 00 00 00 00 00 00
	3f ff 00 00 00 00 00 00
	00 00 00 00 00 00 00 00

[16C84]
	0 0 0 0 0 0 0 0
	0 0 0 0 0 0 0 0 
	PICSTART WARP JUPIC

[16C84:def]
	04 00 3f ff 3f ff 00 7f
	00 7f 00 7f 00 1f 00 ff
	00 ff 00 00 00 00 00 00
	00 01 20 00 04 20 07 01
	00 00 00 40 00 00 00 00
	03 01 02 0f

[16C84:defx]
	00 1f 00 00 00 00 00 00
	00 00 00 00 00 00 00 00
	00 1f 00 00 00 00 00 00
	00 00 00 00 00 00 00 00

[16F84]
	0 0 0 0 0 0 0 0
	0 0 0 0 0 0 0 0 
	PICSTART WARP JUPIC

[16F84:def]
	04 00 3f ff 3f ff 00 7f
	00 7f 3f ff 3f ff 00 ff
	00 ff 00 00 00 00 00 00
	00 01 20 00 04 20 07 01
	00 00 00 40 00 00 00 00
	03 01 02 0f

[16F84:defx]
	3f ff 00 00 00 00 00 00
	00 00 00 00 00 00 00 00
	3f ff 00 00 00 00 00 00
	00 00 00 00 00 00 00 00

[16F84A]
	0 0 0 0 0 0 0 0
	0 0 0 0 0 0 0 0 
	PICSTART WARP JUPIC

[16F84A:def]
	04 00 3f ff 3f ff 00 7f
	00 7f 3f ff 3f ff 00 ff
	00 ff 00 00 00 00 00 00
	00 01 20 00 04 20 07 01
	00 00 00 40 00 00 00 00
	00 01 02 0f

[16F84A:defx]
	3f ff 00 00 00 00 00 00
	00 00 00 00 00 00 00 00
	3f ff 00 00 00 00 00 00
	00 00 00 00 00 00 00 00

[16F87]
	0 0 0 0 0 0 0 0
	0 0 0 0 0 0 0 0 
	PICSTART WARP JUPIC

[16F87:def]
	10 00 3f ff 3f ff 00 7f
	00 7f 3f ff 3f ff 00 ff
	00 ff 00 00 00 00 00 00
	10 00 20 00 04 20 07 02
	00 00 01 00 00 00 00 00
	00 01 14 0f

[16F87:defx]
	3f ff 00 03 00 00 00 00
	00 00 00 00 00 00 00 00
	3f ff 00 03 00 00 00 00
	00 00 00 00 00 00 00 00

[16F88]
	0 0 0 0 0 0 0 0
	0 0 0 0 0 0 0 0 
	PICSTART WARP JUPIC

[16F88:def]
	10 00 3f ff 3f ff 00 7f
	00 7f 3f ff 3f ff 00 ff
	00 ff 00 00 00 00 00 00
	10 00 20 00 04 20 07 02
	00 00 01 00 00 00 00 00
	00 01 14 0f

[16F88:defx]
	3f ff 00 03 00 00 00 00
	00 00 00 00 00 00 00 00
	3f ff 00 03 00 00 00 00
	00 00 00 00 00 00 00 00

[16F870]
	0 0 0 0 0 0 0 0
	0 0 0 0 0 0 0 0 
	PICSTART WARP JUPIC

[16F870:def]
	08 00 3f ff 3f ff 00 7f
	00 7f 3f ff 3f ff 00 ff
	00 ff 00 00 00 00 00 00
	00 01 20 00 04 20 07 01
	00 00 00 40 00 00 00 00
	00 01 03 0f

[16F870:defx]
	3f ff 00 00 00 00 00 00
	00 00 00 00 00 00 00 00
	3f ff 00 00 00 00 00 00
	00 00 00 00 00 00 00 00

[16F871]
	0 0 0 0 0 0 0 0
	0 0 0 0 0 0 0 0 
	PICSTART WARP JUPIC

[16F871:def]
	08 00 3f ff 3f ff 00 7f
	00 7f 3f ff 3f ff 00 ff
	00 ff 00 00 00 00 00 00
	00 01 20 00 04 20 07 01
	00 00 00 40 00 00 00 00
	00 01 04 0f

[16F871:defx]
	3f ff 00 00 00 00 00 00
	00 00 00 00 00 00 00 00
	3f ff 00 00 00 00 00 00
	00 00 00 00 00 00 00 00

[16F872]
	0 0 0 0 0 0 0 0
	0 0 0 0 0 0 0 0 
	PICSTART WARP JUPIC

[16F872:def]
	08 00 3f ff 3f ff 00 7f
	00 7f 3f ff 3f ff 00 ff
	00 ff 00 00 00 00 00 00
	00 01 20 00 04 20 07 01
	00 00 00 40 00 00 00 00
	00 01 03 0f

[16F872:defx]
	3f ff 00 00 00 00 00 00
	00 00 00 00 00 00 00 00
	3f ff 00 00 00 00 00 00
	00 00 00 00 00 00 00 00

[16F873]
	0 0 0 0 0 0 0 0
	0 0 0 0 0 0 0 0 
	PICSTART WARP JUPIC

[16F873:def]
	10 00 3f ff 3f ff 00 7f
	00 7f 3f ff 3f ff 00 ff
	00 ff 00 00 00 00 00 00
	00 01 20 00 04 20 07 01
	00 00 00 80 00 00 00 00
	00 01 04 0f

[16F873:defx]
	3f ff 00 00 00 00 00 00
	00 00 00 00 00 00 00 00
	3f ff 00 00 00 00 00 00
	00 00 00 00 00 00 00 00

[16F873A]
	0 0 0 0 0 0 0 0
	0 0 0 0 0 0 0 0 
	PICSTART WARP JUPIC

[16F873A:def]
	10 00 3f ff 3f ff 00 7f
	00 7f 3f ff 3f ff 00 ff
	00 ff 00 00 00 00 00 00
	00 01 20 00 04 20 07 01
	00 00 00 80 00 00 00 00
	00 01 11 0f

[16F873A:defx]
	3f ff 00 00 00 00 00 00
	00 00 00 00 00 00 00 00
	3f ff 00 00 00 00 00 00
	00 00 00 00 00 00 00 00

[16F874]
	0 0 0 0 0 0 0 0
	0 0 0 0 0 0 0 0 
	PICSTART WARP JUPIC

[16F874:def]
	10 00 3f ff 3f ff 00 7f
	00 7f 3f ff 3f ff 00 ff
	00 ff 00 00 00 00 00 00
	00 01 20 00 04 20 07 01
	00 00 00 80 00 00 00 00
	00 01 04 0f

[16F874:defx]
	3f ff 00 00 00 00 00 00
	00 00 00 00 00 00 00 00
	3f ff 00 00 00 00 00 00
	00 00 00 00 00 00 00 00

[16F874A]
	0 0 4 0 0 0 0 0
	0 0 0 0 0 0 0 0 
	PICSTART WARP JUPIC

[16F874A:def]
	10 00 3f ff 3f ff 00 7f
	00 7f 3f ff 3f ff 00 ff
	00 ff 00 00 00 00 00 00
	00 01 20 00 04 20 07 01
	00 00 00 80 00 00 00 00
	00 01 11 0f

[16F874A:defx]
	3f ff 00 00 00 00 00 00
	00 00 00 00 00 00 00 00
	3f ff 00 00 00 00 00 00
	00 00 00 00 00 00 00 00

[16F876]
	0 0 0 0 0 0 0 0
	0 0 0 0 0 0 0 0 
	PICSTART WARP JUPIC

[16F876:def]
	20 00 3f ff 3f ff 00 7f
	00 7f 3f ff 3f ff 00 ff
	00 ff 00 00 00 00 00 00
	00 01 20 00 04 20 07 01
	00 00 01 00 00 00 00 00
	00 01 04 0f

[16F876:defx]
	3f ff 00 00 00 00 00 00
	00 00 00 00 00 00 00 00
	3f ff 00 00 00 00 00 00
	00 00 00 00 00 00 00 00

[16F876A]
	0 0 4 0 0 0 0 0
	0 0 0 0 0 0 0 0 
	PICSTART WARP JUPIC

[16F876A:def]
	20 00 3f ff 3f ff 00 7f
	00 7f 2f cf 2f cf 00 ff
	00 ff 00 00 00 00 00 00
	20 00 20 00 04 20 07 01
	00 00 01 00 00 00 00 00
	00 01 11 0f

[16F876A:defx]
	2f cf 00 00 00 00 00 00
	00 00 00 00 00 00 00 00
	2f cf 00 00 00 00 00 00
	00 00 00 00 00 00 00 00

[16F877]
	0 0 0 0 0 0 0 0
	0 0 0 0 0 0 0 0 
	PICSTART WARP JUPIC

[16F877:def]
	20 00 3f ff 3f ff 00 7f
	00 7f 3f ff 3f ff 00 ff
	00 ff 00 00 00 00 00 00
	00 01 20 00 04 20 07 01
	00 00 01 00 00 00 00 00
	00 01 04 0f

[16F877:defx]
	3f ff 00 00 00 00 00 00
	00 00 00 00 00 00 00 00
	3f ff 00 00 00 00 00 00
	00 00 00 00 00 00 00 00

[16F877A]
	0 0 4 0 0 0 0 0
	0 0 0 0 0 0 0 0 
	PICSTART WARP JUPIC

[16F877A:def]
	20 00 3f ff 3f ff 00 7f
	00 7f 3f ff 3f ff 00 ff
	00 ff 00 00 00 00 00 00
	00 01 20 00 04 20 07 01
	00 00 01 00 00 00 00 00
	00 01 11 0f

[16F877A:defx]
	3f ff 00 00 00 00 00 00
	00 00 00 00 00 00 00 00
	3f ff 00 00 00 00 00 00
	00 00 00 00 00 00 00 00

[16C923]
	0 0 0 0 0 0 0 0
	0 0 0 0 0 0 0 0 
	PICSTART WARP JUPIC

[16C923:def]
	10 00 3f ff 3f ff 00 7f
	00 7f 3f ff 3f 3f 00 00
	00 00 00 00 00 00 00 00
	00 01 20 00 04 20 07 01
	00 00 00 00 00 00 00 00
	03 19 04 06

[16C923:defx]
	3f 3f 00 00 00 00 00 00
	00 00 00 00 00 00 00 00
	3f 3f 00 00 00 00 00 00
	00 00 00 00 00 00 00 00

[16C924]
	0 0 0 0 0 0 0 0
	0 0 0 0 0 0 0 0 
	PICSTART WARP JUPIC

[16C924:def]
	10 00 3f ff 3f ff 00 7f
	00 7f 3f ff 3f 3f 00 00
	00 00 00 00 00 00 00 00
	00 01 20 00 04 20 07 01
	00 00 00 00 00 00 00 00
	03 19 04 06

[16C924:defx]
	3f 3f 00 00 00 00 00 00
	00 00 00 00 00 00 00 00
	3f 3f 00 00 00 00 00 00
	00 00 00 00 00 00 00 00

[16C925]
	0 0 0 0 0 0 0 0
	0 0 0 0 0 0 0 0 
	PICSTART WARP JUPIC

[16C925:def]
	10 00 3f ff 3f ff 00 7f
	00 7f 00 7f 00 7f 00 00
	00 00 00 00 00 00 00 00
	00 01 20 00 04 20 07 01
	00 00 00 00 00 00 00 00
	03 19 04 06

[16C925:defx]
	00 7f 00 00 00 00 00 00
	00 00 00 00 00 00 00 00
	00 7f 00 00 00 00 00 00
	00 00 00 00 00 00 00 00

[16C926]
	0 0 0 0 0 0 0 0
	0 0 0 0 0 0 0 0 
	PICSTART WARP JUPIC

[16C926:def]
	20 00 3f ff 3f ff 00 7f
	00 7f 00 7f 00 7f 00 00
	00 00 00 00 00 00 00 00
	00 01 20 00 04 20 07 01
	00 00 00 00 00 00 00 00
	03 19 04 06

[16C926:defx]
	00 7f 00 00 00 00 00 00
	00 00 00 00 00 00 00 00
	00 7f 00 00 00 00 00 00
	00 00 00 00 00 00 00 00

[17C42]
	0 0 0 0 0 0 0 0
	0 0 0 0 0 0 0 0 
	PICSTART

[17C42:def]
	08 00 ff ff ff ff 00 00
	00 00 00 7f 00 5f 00 00
	00 00 00 00 00 00 00 00
	00 01 00 00 00 fe 00 01
	00 00 00 00 00 00 00 00
	03 19 07 04

[17C42:defx]
	00 5f 00 00 00 00 00 00
	00 00 00 00 00 00 00 00
	00 5f 00 00 00 00 00 00
	00 00 00 00 00 00 00 00

[17C42A]
	0 0 0 0 0 0 0 0
	0 0 0 0 0 0 0 0 
	PICSTART

[17C42A:def]
	08 00 ff ff ff ff 00 00
	00 00 ff ff 80 5f 00 00
	00 00 00 00 00 00 00 00
	00 01 00 00 00 fe 00 01
	00 00 00 00 00 00 00 00
	03 19 07 04

[17C42A:defx]
	80 5f 00 00 00 00 00 00
	00 00 00 00 00 00 00 00
	80 5f 00 00 00 00 00 00
	00 00 00 00 00 00 00 00

[17C43]
	0 0 0 0 0 0 0 0
	0 0 0 0 0 0 0 0 
	PICSTART

[17C43:def]
	10 00 ff ff ff ff 00 00
	00 00 ff ff 80 5f 00 00
	00 00 00 00 00 00 00 00
	00 01 00 00 00 fe 00 01
	00 00 00 00 00 00 00 00
	03 19 07 04

[17C43:defx]
	80 5f 00 00 00 00 00 00
	00 00 00 00 00 00 00 00
	80 5f 00 00 00 00 00 00
	00 00 00 00 00 00 00 00

[17C44]
	0 0 0 0 0 0 0 0
	0 0 0 0 0 0 0 0 
	PICSTART

[17C44:def]
	20 00 ff ff ff ff 00 00
	00 00 ff ff 80 5f 00 00
	00 00 00 00 00 00 00 00
	00 01 00 00 00 fe 00 01
	00 00 00 00 00 00 00 00
	03 19 07 04

[17C44:defx]
	80 5f 00 00 00 00 00 00
	00 00 00 00 00 00 00 00
	80 5f 00 00 00 00 00 00
	00 00 00 00 00 00 00 00

[17C752]
	0 0 0 0 0 0 0 0
	0 0 0 0 0 0 0 0 
	PICSTART

[17C752:def]
	20 00 ff ff ff ff 00 00
	00 00 ff ff c0 5f 00 00
	00 00 00 00 00 00 00 00
	00 01 00 00 00 fe 00 01
	00 00 00 00 00 00 00 00
	03 19 07 04

[17C752:defx]
	c0 5f 00 00 00 00 00 00
	00 00 00 00 00 00 00 00
	c0 5f 00 00 00 00 00 00
	00 00 00 00 00 00 00 00

[17C756]
	0 0 0 0 0 0 0 0
	0 0 0 0 0 0 0 0 
	PICSTART

[17C756:def]
	40 00 ff ff ff ff 00 00
	00 00 ff ff c0 5f 00 00
	00 00 00 00 00 00 00 00
	00 01 00 00 00 fe 00 01
	00 00 00 00 00 00 00 00
	03 19 07 04

[17C756:defx]
	c0 5f 00 00 00 00 00 00
	00 00 00 00 00 00 00 00
	c0 5f 00 00 00 00 00 00
	00 00 00 00 00 00 00 00

[17C756A]
	0 0 0 0 0 0 0 0
	0 0 0 0 0 0 0 0 
	PICSTART

[17C756A:def]
	40 00 ff ff ff ff 00 00
	00 00 ff ff c0 5f 00 00
	00 00 00 00 00 00 00 00
	00 01 00 00 00 fe 00 01
	00 00 00 00 00 00 00 00
	03 19 07 04

[17C756A:defx]
	c0 5f 00 00 00 00 00 00
	00 00 00 00 00 00 00 00
	c0 5f 00 00 00 00 00 00
	00 00 00 00 00 00 00 00

[17C762]
	0 0 0 0 0 0 0 0
	0 0 0 0 0 0 0 0 
	PICSTART

[17C762:def]
	20 00 ff ff ff ff 00 00
	00 00 ff ff c0 5f 00 00
	00 00 00 00 00 00 00 00
	00 01 00 00 00 fe 00 01
	00 00 00 00 00 00 00 00
	03 19 07 04

[17C762:defx]
	c0 5f 00 00 00 00 00 00
	00 00 00 00 00 00 00 00
	c0 5f 00 00 00 00 00 00
	00 00 00 00 00 00 00 00

[17C766]
	0 0 0 0 0 0 0 0
	0 0 0 0 0 0 0 0 
	PICSTART

[17C766:def]
	40 00 ff ff ff ff 00 00
	00 00 ff ff c0 5f 00 00
	00 00 00 00 00 00 00 00
	00 01 00 00 00 fe 00 01
	00 00 00 00 00 00 00 00
	03 19 07 04

[17C766:defx]
	c0 5f 00 00 00 00 00 00
	00 00 00 00 00 00 00 00
	c0 5f 00 00 00 00 00 00
	00 00 00 00 00 00 00 00

[18C242]
	0 0 0 0 0 0 0 0
	0 0 0 0 0 0 0 0 
	PICSTART WARP

[18C242:def]
	20 00 ff ff ff ff 0f 0f
	0f 0f 3f ff 27 ff 00 00
	00 00 00 00 00 00 00 00
	00 01 00 00 04 00 00 04
	00 00 00 00 00 00 00 00
	03 19 0b 06

[18C242:defx]
	27 ff 0f 0f 01 00 00 01
	00 00 00 00 00 00 00 00
	27 ff 0f 0f 01 00 00 01
	00 00 00 00 00 00 00 00

[18F242]
	0 0 4 300000 200000 0 f00000 0
	0 0 0 0 0 0 0 0 
	PICSTART WARP JUPIC

[18F242:def]
	20 00 ff ff ff ff 0f 0f
	0f 0f 3f ff 27 00 00 ff
	00 ff 00 00 00 00 00 00
	00 01 00 00 04 00 00 07
	00 00 01 00 00 00 00 00
	03 19 0e 0f

[18F242:defx]
	27 00 0f 0f 01 00 00 85
	c0 03 e0 03 40 03 00 00
	27 00 0f 0f 01 00 00 85
	c0 03 e0 03 40 03 00 00

[18F248]
	0 0 4 300000 200000 0 f00000 0
	0 0 0 0 0 0 0 0 
	PICSTART WARP JUPIC

[18F248:def]
	20 00 ff ff ff ff 0f 0f
	0f 0f 3f ff 27 00 00 ff
	00 ff 00 00 00 00 00 00
	00 01 00 00 04 00 00 07
	00 00 01 00 00 00 00 00
	03 19 0e 0f

[18F248:defx]
	27 00 0f 0f 00 00 00 85
	c0 03 e0 03 40 03 00 00
	27 00 0f 0f 00 00 00 85
	c0 03 e0 03 40 03 00 00

[18C252]
	0 0 0 0 0 0 0 0
	0 0 0 0 0 0 0 0 
	PICSTART WARP

[18C252:def]
	40 00 ff ff ff ff 0f 0f
	0f 0f 3f ff 27 ff 00 00
	00 00 00 00 00 00 00 00
	00 01 00 00 04 00 00 04
	00 00 00 00 00 00 00 00
	03 19 0b 06

[18C252:defx]
	27 ff 0f 0f 01 00 00 01
	00 00 00 00 00 00 00 00
	27 ff 0f 0f 01 00 00 01
	00 00 00 00 00 00 00 00

[18F252]
	0 0 4 300000 200000 0 f00000 0
	0 0 0 0 0 0 0 0 
	PICSTART WARP JUPIC

[18F252:def]
	40 00 ff ff ff ff 0f 0f
	0f 0f 3f ff 27 00 00 ff
	00 ff 00 00 00 00 00 00
	00 01 00 00 04 00 00 07
	00 00 01 00 00 00 00 00
	03 19 0e 0f

[18F252:defx]
	27 00 0f 0f 01 00 00 85
	c0 0f e0 0f 40 0f 00 00
	27 00 0f 0f 01 00 00 85
	c0 0f e0 0f 40 0f 00 00

[18F258]
	0 0 4 300000 200000 0 f00000 0
	0 0 0 0 0 0 0 0 
	PICSTART WARP JUPIC

[18F258:def]
	40 00 ff ff ff ff 0f 0f
	0f 0f 3f ff 27 00 00 ff
	00 ff 00 00 00 00 00 00
	00 01 00 00 04 00 00 07
	00 00 01 00 00 00 00 00
	03 19 0e 0f

[18F258:defx]
	27 00 0f 0f 00 00 00 85
	c0 0f e0 0f 40 0f 00 00
	27 00 0f 0f 00 00 00 85
	c0 0f e0 0f 40 0f 00 00

[18C442]
	0 0 0 0 0 0 0 0
	0 0 0 0 0 0 0 0 
	PICSTART WARP

[18C442:def]
	20 00 ff ff ff ff 0f 0f
	0f 0f 3f ff 27 ff 00 00
	00 00 00 00 00 00 00 00
	00 01 00 00 04 00 00 04
	00 00 00 00 00 00 00 00
	03 19 0b 06

[18C442:defx]
	27 ff 0f 0f 01 00 00 01
	00 00 00 00 00 00 00 00
	27 ff 0f 0f 01 00 00 01
	00 00 00 00 00 00 00 00

[18F442]
	0 0 4 300000 200000 0 f00000 0
	0 0 0 0 0 0 0 0 
	PICSTART WARP JUPIC

[18F442:def]
	20 00 ff ff ff ff 0f 0f
	0f 0f 3f ff 27 00 00 ff
	00 ff 00 00 00 00 00 00
	00 01 00 00 04 00 00 07
	00 00 01 00 00 00 00 00
	03 19 0e 0f

[18F442:defx]
	27 00 0f 0f 01 00 00 85
	c0 03 e0 03 40 03 00 00
	27 00 0f 0f 01 00 00 85
	c0 03 e0 03 40 03 00 00

[18F4431]
	0 0 4 300000 200000 0 f00000 0
	0 0 0 0 0 0 0 0 
	PICSTART JUPIC

[18F4431:def]
	20 00 ff ff ff ff 0f 0f
	0f 0f 3f ff 27 ff 00 ff
	00 ff 00 00 00 00 00 00
	00 01 00 00 04 00 00 07
	00 00 01 00 00 00 00 00
	03 19 0e 0f

[18F4431:defx]
	cf 00 3f 0f 9d 3c 00 85
	c0 0f e0 0f 40 0f 00 00
	cf 00 3f 0f 9d 3c 00 85
	c0 0f e0 0f 40 0f 00 00

[18F448]
	0 0 4 300000 200000 0 f00000 0
	0 0 0 0 0 0 0 0 
	PICSTART WARP JUPIC

[18F448:def]
	20 00 ff ff ff ff 0f 0f
	0f 0f 3f ff 27 00 00 ff
	00 ff 00 00 00 00 00 00
	00 01 00 00 04 00 00 07
	00 00 01 00 00 00 00 00
	03 19 0e 0f

[18F448:defx]
	27 00 0f 0f 00 00 00 85
	c0 03 e0 03 40 03 00 00
	27 00 0f 0f 00 00 00 85
	c0 03 e0 03 40 03 00 00

[18C452]
	0 0 0 0 0 0 0 0
	0 0 0 0 0 0 0 0 
	PICSTART WARP

[18C452:def]
	40 00 ff ff ff ff 0f 0f
	0f 0f 3f ff 27 ff 00 00
	00 00 00 00 00 00 00 00
	00 01 00 00 04 00 00 04
	00 00 00 00 00 00 00 00
	03 19 0b 06

[18C452:defx]
	27 ff 0f 0f 01 00 00 01
	00 00 00 00 00 00 00 00
	27 ff 0f 0f 01 00 00 01
	00 00 00 00 00 00 00 00

[18F452]
	0 0 4 300000 200000 0 f00000 0
	0 0 0 0 0 0 0 0 
	PICSTART WARP JUPIC

[18F452:def]
	40 00 ff ff ff ff 0f 0f
	0f 0f 27 00 27 00 00 ff
	00 ff 00 00 00 00 00 00
	40 00 00 00 04 00 00 07
	00 00 01 00 00 00 00 00
	03 19 0e 0f

[18F452:defx]
	27 00 0f 0f 01 00 00 85
	c0 0f e0 0f 40 0f 00 00
	27 00 0f 0f 01 00 00 85
	c0 0f e0 0f 40 0f 00 00

[18F4550]
	0 0 4 300000 200000 0 f00000 0
	0 0 0 0 0 0 0 0 
	WARP

[18F4550:def]
	40 00 ff ff ff ff 0f 0f
	0f 0f 3f ff 27 ff 00 ff
	00 ff 00 00 00 00 00 00
	00 01 00 00 04 00 00 07
	00 00 01 00 00 00 00 00
	03 19 0e 0f

[18F4550:defx]
	cf 3f 1f 3f 83 00 00 85
	c0 0f e0 0f 40 0f 00 00
	00 00 00 0f 00 00 cf 3f
	1f 3f 87 00 00 e5 c0 0f

[18F458]
	0 0 4 300000 200000 0 f00000 0
	0 0 0 0 0 0 0 0 
	PICSTART WARP JUPIC

[18F458:def]
	40 00 ff ff ff ff 0f 0f
	0f 0f 3f ff 27 00 00 ff
	00 ff 00 00 00 00 00 00
	00 01 00 00 04 00 00 07
	00 00 01 00 00 00 00 00
	03 19 0e 0f

[18F458:defx]
	27 00 0f 0f 00 00 00 85
	c0 0f e0 0f 40 0f 00 00
	27 00 0f 0f 00 00 00 85
	c0 0f e0 0f 40 0f 00 00

[18C658]
	0 0 0 0 0 0 0 0
	0 0 0 0 0 0 0 0 
	PICSTART

[18C658:def]
	40 00 ff ff ff ff 0f 0f
	0f 0f 3f ff 27 ff 00 00
	00 00 00 00 00 00 00 00
	00 01 00 00 04 00 00 04
	00 00 00 00 00 00 00 00
	03 19 0b 06

[18C658:defx]
	27 ff 0f 0f 00 00 00 01
	00 00 00 00 00 00 00 00
	27 ff 0f 0f 00 00 00 01
	00 00 00 00 00 00 00 00

[18C858]
	0 0 0 0 0 0 0 0
	0 0 0 0 0 0 0 0 
	PICSTART

[18C858:def]
	40 00 ff ff ff ff 0f 0f
	0f 0f 3f ff 27 ff 00 00
	00 00 00 00 00 00 00 00
	00 01 00 00 04 00 00 04
	00 00 00 00 00 00 00 00
	03 19 0b 06

[18C858:defx]
	27 ff 0f 0f 00 00 00 01
	00 00 00 00 00 00 00 00
	27 ff 0f 0f 00 00 00 01
	00 00 00 00 00 00 00 00

[rf509AF]
	0 0 0 0 0 0 0 0
	0 0 0 0 0 0 0 0 
	PICSTART

[rf509AF:def]
	03 ff 0f ff 0f ff 00 0f
	00 0f 00 1f 00 1f 00 00
	00 00 0f ff 0f ff 00 00
	00 01 04 00 04 0f ff 01
	00 00 00 00 03 ff 00 01
	0b 08 0a 16

[rf509AF:defx]
	00 1f 00 00 00 00 00 00
	00 00 00 00 00 00 00 00
	00 1f 00 00 00 00 00 00
	00 00 00 00 00 00 00 00

[rf509AG]
	0 0 0 0 0 0 0 0
	0 0 0 0 0 0 0 0 
	PICSTART

[rf509AG:def]
	03 ff 0f ff 0f ff 00 0f
	00 0f 00 1f 00 1f 00 00
	00 00 0f ff 0f ff 00 00
	00 01 04 00 04 0f ff 01
	00 00 00 00 03 ff 00 01
	0b 08 0a 16

[rf509AG:defx]
	00 1f 00 00 00 00 00 00
	00 00 00 00 00 00 00 00
	00 1f 00 00 00 00 00 00
	00 00 00 00 00 00 00 00


